3000000
925000
8000000
875000
575000
725000
925000
832500
575000
925000
925000
925000
3750000
5500000
5000000
5750000
700000
3500000
792500
1000000
1200000
925000
832500
600000
950000
675000
6000000
700000
4250000
2250000
925000
2250000
2100000
1500000
575000
575000
767500
645000
950000
3500000
635000
595000
5000000
900000
925000
6000000
2500000
4250000
6000000
3500000
625000
667500
8000000
2570000
925000
575000
3000000
7000000
3000000
4000000
750000
575000
575000
4000000
925000
4250000
2250000
667500
575000
1200000
4000000
667500
4250000
4250000
2250000
5500000
600000
900000
925000
700000
900000
925000
5000000
650000
667500
575000
635000
575000
575000
8000000
2250000
575000
667500
875000
575000
700000
2250000
600000
5750000
700000
5000000
2250000
4000000
640000
842500
667500
4000000
650000
4250000
6000000
5500000
9000000
925000
5000000
4500000
3575000
775000
4500000
575000
2250000
575000
700000
4500000
650000
600000
1300000
640000
575000
2500000
660000
3750000
650000
2500000
5000000
1000000
950000
925000
2200000
640000
3500000
575000
722500
2200000
2250000
925000
575000
575000
1300000
4000000
625000
5000000
640000
5200000
4500000
4500000
700000
775000
925000
5000000
727500
4000000
925000
4000000
5000000
1250000
700000
575000
925000
1100000
925000
680000
1200000
600000
900000
925000
7000000
7500000
925000
1000000
4250000
925000
600000
1000000
667500
715000
925000
832500
4000000
1200000
705000
925000
5500000
625000
925000
3000000
3900000
950000
667500
900000
575000
900000
5000000
575000
7000000
2750000
925000
2250000
700000
2500000
5000000
1300000
600000
925000
600000
575000
650000
925000
575000
9000000
700000
4500000
2400000
4500000
700000
1700000
7000000
575000
727500
925000
700000
5000000
925000
8000000
900000
3500000
3750000
750000
925000
675000
667500
575000
4000000
5000000
575000
5200000
640000
925000
667500
575000
8000000
667500
1000000
925000
5500000
3500000
1300000
1700000
575000
925000
9000000
3000000
925000
